9;4;10;9.16494
9;1;10;6.00564
9;5;10;5.29727
9;2;10;7.51845
9;8;10;4.33992
9;6;10;4.03213
9;7;10;4.95879
9;3;10;7.87692
10;4;10;7.9958
10;1;10;5.50128
10;2;10;6.24433
10;9;10;1.3737
10;6;10;2.70907
10;8;10;3.04257
10;3;10;6.77751
10;5;10;4.08912
11;5;10;5.31237
11;3;10;7.90624
11;6;10;3.98773
11;10;10;1.35083
11;2;10;7.52555
11;4;10;9.18725
11;9;10;0.0943462
11;1;10;6.07416
12;2;10;13.1223
12;7;10;7.53176
12;9;10;6.85975
12;6;10;8.48749
12;3;10;14.0778
12;5;10;11.3042
12;11;10;6.78539
12;1;10;12.8479
13;3;10;22.3643
13;8;10;18.3965
13;9;10;15.0141
13;4;10;23.3869
13;2;10;21.342
13;11;10;14.949
13;10;10;15.7524
13;12;10;8.29308
14;12;10;10.3716
14;11;10;17.1265
14;10;10;17.6749
14;6;10;18.0204
14;3;10;23.8847
14;13;10;4.11732
14;5;10;21.1489
14;9;10;17.2048
15;6;10;26.7871
15;12;10;18.7582
15;11;10;25.5265
15;10;10;26.2203
15;2;10;31.4064
15;14;10;8.85774
15;13;10;10.7049
15;4;10;33.5162
16;7;10;23.5681
16;8;10;27.1015
16;13;10;9.9958
16;15;10;2.90641
16;14;10;7.16938
16;10;10;24.8423
16;3;10;31.024
16;9;10;24.3479
17;10;10;25.1082
17;4;10;32.6634
17;14;10;8.6057
17;16;10;4.948
17;15;10;2.74497
17;5;10;28.9077
17;13;10;9.35907
17;8;10;27.7096
18;17;10;3.49527
18;16;10;2.03665
18;5;10;27.2326
18;13;10;8.3543
18;8;10;26.0303
18;3;10;29.9838
18;15;10;2.70331
18;12;10;16.2052
19;15;10;4.67037
19;17;10;6.12161
19;10;10;23.1643
19;7;10;21.7488
19;13;10;8.8487
19;12;10;15.9054
19;14;10;5.53515
19;16;10;1.97114
20;19;10;1.96322
20;15;10;3.28523
20;13;10;8.19048
20;10;10;23.2759
20;17;10;4.20767
20;18;10;0.721609
20;14;10;5.68979
20;16;10;1.85481
21;7;10;32.7589
21;19;10;11.1224
21;14;10;16.2867
21;3;10;40.1691
21;16;10;9.21821
21;17;10;9.56579
21;15;10;7.71017
21;10;10;33.8613
22;16;10;12.6596
22;21;10;3.92246
22;7;10;35.9382
22;18;10;13.3041
22;19;10;14.6199
22;15;10;10.6247
22;3;10;43.2306
22;6;10;37.4061
23;6;10;44.5366
23;21;10;10.2384
23;22;10;7.49147
23;3;10;50.3936
23;20;10;20.8325
23;19;10;21.3328
23;12;10;36.5762
23;16;10;19.45
24;18;10;25.4464
24;23;10;5.52147
24;21;10;15.4562
24;22;10;12.1681
24;1;10;54.2395
24;16;10;24.6504
24;15;10;22.7826
24;19;10;26.5732
25;19;10;30.1569
25;24;10;7.12704
25;17;10;28.6837
25;22;10;17.0295
25;23;10;9.55858
25;15;10;27.0684
25;13;10;37.7673
25;11;10;52.5545
26;14;10;26.7878
26;10;10;11.7084
26;3;10;5.98373
26;12;10;18.0811
26;8;10;8.68036
26;9;10;13.0201
26;5;10;7.81566
26;2;10;5.53556
27;12;10;19.2644
27;11;10;13.6579
27;4;10;4.53255
27;2;10;6.20824
27;6;10;10.7778
27;1;10;9.5119
27;18;10;34.5478
27;25;10;63.5666
28;3;10;6.21433
28;26;10;5.33869
28;6;10;5.85136
28;9;10;9.82877
28;8;10;6.00045
28;5;10;5.8802
28;10;10;8.46228
28;7;10;5.99562
29;2;10;8.48591
29;10;10;10.5408
29;28;10;4.31369
29;3;10;10.3566
29;1;10;13.0466
29;5;10;9.35551
29;14;10;19.395
29;19;10;23.8474
30;20;10;22.5766
30;11;10;7.81936
30;28;10;4.6114
30;6;10;4.33633
30;26;10;9.88836
30;18;10;23.1054
30;27;10;11.6747
30;21;10;33.0142
31;7;10;1.60666
31;12;10;8.60414
31;27;10;11.5519
31;2;10;6.21397
31;3;10;7.90371
31;14;10;16.8518
31;19;10;21.9504
31;28;10;4.93179
32;2;10;2.13168
32;9;10;6.75416
32;8;10;2.67018
32;31;10;4.09565
32;29;10;6.80242
32;26;10;6.59074
32;3;10;3.92473
32;5;10;2.60522
33;6;10;7.1582
33;7;10;6.16399
33;28;10;3.88999
33;18;10;25.1189
33;30;10;3.33431
33;3;10;9.79043
33;32;10;6.1564
33;2;10;7.90962
34;9;10;10.5034
34;32;10;3.90028
34;28;10;0.760643
34;11;10;10.4724
34;19;10;27.1564
34;10;10;9.13259
34;31;10;5.68627
34;3;10;6.36854
35;32;10;3.36751
35;26;10;7.50156
35;28;10;2.20051
35;11;10;8.61087
35;29;10;3.48251
35;9;10;8.66188
35;33;10;2.80511
35;6;10;4.65128
36;13;10;20.5593
36;29;10;5.11649
36;1;10;8.22085
36;27;10;7.272
36;33;10;4.57603
36;8;10;4.80379
36;5;10;4.68702
36;2;10;3.38728
37;8;10;7.81452
37;32;10;6.19424
37;4;10;10.0955
37;5;10;8.44965
37;26;10;10.2913
37;28;10;4.99099
37;18;10;23.1855
37;31;10;3.27097
38;11;10;5.55682
38;25;10;52.7714
38;1;10;8.01998
38;36;10;4.10866
38;12;10;8.62249
38;33;10;5.40744
38;8;10;3.68071
38;31;10;1.18779
39;12;10;11.6358
39;33;10;4.94306
39;35;10;2.17815
39;4;10;5.01945
39;8;10;3.7383
39;2;10;3.0955
39;32;10;1.2265
39;38;10;3.04842
40;26;10;5.77596
40;6;10;5.19204
40;29;10;4.39343
40;32;10;2.80511
40;39;10;1.70085
40;5;10;5.38724
40;22;10;40.4817
40;7;10;5.34078
41;28;10;6.08844
41;11;10;5.56122
41;25;10;51.3032
41;9;10;5.63911
41;37;10;4.20344
41;14;10;15.9635
41;7;10;0.849116
41;39;10;4.4538
42;2;10;8.01942
42;3;10;9.76152
42;29;10;4.75958
42;32;10;5.88776
42;4;10;10.0897
42;19;10;20.5486
42;28;10;5.9554
42;34;10;6.65291
43;31;10;0.869829
43;39;10;4.41566
43;5;10;6.40721
43;37;10;3.27505
43;35;10;3.60805
43;6;10;3.4959
43;19;10;21.0806
43;15;10;24.8456
44;40;10;3.31221
44;7;10;4.13512
44;41;10;3.71681
44;2;10;6.76469
44;36;10;3.79736
44;31;10;2.54035
44;6;10;5.20958
44;32;10;4.76472
45;1;10;12.8659
45;29;10;2.49795
45;33;10;2.17304
45;11;10;10.3689
45;10;10;9.38567
45;41;10;4.81997
45;5;10;9.21024
45;3;10;10.8252
46;32;10;4.01387
46;37;10;3.21954
46;44;10;1.97565
46;9;10;9.6607
46;20;10;25.5994
46;8;10;6.39678
46;14;10;20.0224
46;4;10;7.25209
47;12;10;10.1669
47;10;10;7.38195
47;14;10;17.5348
47;45;10;2.24159
47;6;10;4.83886
47;43;10;2.32731
47;7;10;3.6179
47;28;10;4.09619
48;34;10;1.46768
48;20;10;26.4554
48;39;10;2.67185
48;28;10;0.985003
48;37;10;4.07822
48;2;10;5.22962
48;19;10;25.7118
48;12;10;13.0976
49;6;10;8.58628
49;12;10;15.4291
49;33;10;3.41867
49;5;10;8.88183
49;46;10;3.09047
49;28;10;3.00282
49;48;10;2.65849
49;29;10;3.2798
50;30;10;5.94044
50;45;10;5.98262
50;4;10;7.10296
50;47;10;5.25509
50;39;10;4.4538
50;28;10;2.13585
50;24;10;53.9807
50;46;10;2.81541
1;34;10;9.71811
1;40;10;8.95295
1;49;10;12.328
1;46;10;10.2699
1;33;10;12.3824
1;41;10;9.06435
1;37;10;12.1059
1;15;10;31.5992
2;18;10;28.7439
2;35;10;5.24152
2;40;10;4.13027
2;46;10;5.65802
2;17;10;30.5894
2;23;10;49.1217
2;43;10;7.04065
2;38;10;5.31237
3;44;10;8.63718
3;49;10;8.97157
3;46;10;7.53382
3;38;10;6.90115
3;36;10;5.24364
3;17;10;31.6815
3;40;10;5.97927
3;43;10;8.69266
4;19;10;30.0208
4;28;10;5.71281
4;31;10;8.32174
4;12;10;15.131
4;48;10;6.65157
4;43;10;9.15936
4;41;10;8.9031
4;32;10;4.22614
5;27;10;8.34577
5;31;10;5.7241
5;33;10;8.68523
5;39;10;3.82131
5;38;10;4.58963
5;42;10;7.63213
5;19;10;26.5375
5;20;10;26.8199
6;38;10;1.88338
6;48;10;5.92844
6;13;10;16.6826
6;36;10;4.79312
6;39;10;3.59074
6;50;10;7.93967
6;26;10;9.69634
6;32;10;3.10985
7;45;10;5.49561
7;36;10;5.19932
7;37;10;4.83288
7;17;10;24.5941
7;26;10;10.6082
7;49;10;8.29522
7;34;10;6.75383
7;27;10;11.9734
8;29;10;9.0171
8;33;10;8.31371
8;25;10;55.4794
8;47;10;6.33877
8;45;10;8.57072
8;34;10;6.57045
8;11;10;4.34095
8;48;10;6.40443
